-5.863709840923547745e-03
-4.540471360087394714e-03
-6.251131184399127960e-03
-6.534548010677099228e-03
-1.885013421997427940e-03
5.118673201650381088e-03
1.374597661197185516e-02
2.349319495260715485e-02
2.766613662242889404e-02
2.128834649920463562e-02
5.402371287345886230e-03
-1.680981926620006561e-02
-3.571704402565956116e-02
-4.118962585926055908e-02
-3.631139919161796570e-02
-2.907115221023559570e-02
-2.326110936701297760e-02
-2.169122174382209778e-02
-2.318613231182098389e-02
-2.260137721896171570e-02
-1.887878961861133575e-02
-1.238276902586221695e-02
-3.475585719570517540e-03
2.552501857280731201e-03
5.990962497889995575e-03
1.319429744035005569e-02
2.124046720564365387e-02
2.132529206573963165e-02
1.275098230689764023e-02
1.307013561017811298e-03
-8.720972575247287750e-03
-1.423561666160821915e-02
-1.694933325052261353e-02
-1.929973997175693512e-02
-1.857030577957630157e-02
-1.598838530480861664e-02
-1.561654079705476761e-02
-1.796315610408782959e-02
-1.908287405967712402e-02
-1.481044664978981018e-02
-8.233910426497459412e-03
-4.394836258143186569e-03
-2.308781258761882782e-03
2.356522018089890480e-03
8.688328787684440613e-03
1.167783513665199280e-02
9.017105214297771454e-03
6.737329531461000443e-04
-6.730693858116865158e-03
-5.524722859263420105e-03
2.423901343718171120e-03
1.201554108411073685e-02
1.702153868973255157e-02
1.150798797607421875e-02
-2.438275841996073723e-03
-1.387799158692359924e-02
-1.347534079104661942e-02
-7.725568488240242004e-03
-9.541405364871025085e-03
-1.778147369623184204e-02
-2.207824774086475372e-02
-1.787418313324451447e-02
-9.203881956636905670e-03
-3.392755985260009766e-03
-3.301246091723442078e-03
-4.163010511547327042e-03
-2.210641512647271156e-03
1.506765256635844707e-03
7.487043272703886032e-03
1.308238878846168518e-02
1.209227647632360458e-02
8.261305280029773712e-03
9.933855384588241577e-03
1.125024911016225815e-02
1.727593014948070049e-03
-1.343365851789712906e-02
-2.224710956215858459e-02
-2.027604542672634125e-02
-1.156350970268249512e-02
-3.822655882686376572e-03
-2.467181533575057983e-03
-7.886486127972602844e-03
-1.196676213294267654e-02
-4.713263828307390213e-03
1.072320807725191116e-02
2.186685800552368164e-02
2.113482542335987091e-02
9.151306003332138062e-03
-6.450481247156858444e-03
-1.697682589292526245e-02
-2.074976079165935516e-02
-2.160649746656417847e-02
-2.356087975203990936e-02
-2.913452871143817902e-02
-3.648731857538223267e-02
-3.885660320520401001e-02
-3.359549120068550110e-02
-2.351409196853637695e-02
-1.264711562544107437e-02
-5.833468399941921234e-03
-3.364841977600008249e-04
1.243360899388790131e-02
3.397305309772491455e-02
5.635859817266464233e-02
6.839188933372497559e-02
6.701823323965072632e-02
6.091324239969253540e-02
5.567526072263717651e-02
4.700458049774169922e-02
3.378629311919212341e-02
1.888412050902843475e-02
3.325904952362179756e-03
-9.504640474915504456e-03
-1.829221658408641815e-02
-2.398843877017498016e-02
-2.457689866423606873e-02
-2.146553061902523041e-02
-2.125430479645729065e-02
-2.669980190694332123e-02
-3.284807503223419189e-02
-3.421984985470771790e-02
-3.092983178794384003e-02
-2.600872889161109924e-02
-1.966173574328422546e-02
-1.193240564316511154e-02
-6.716479081660509109e-03
-6.479862146079540253e-03
-1.020487397909164429e-02
-1.420577336102724075e-02
-1.581065170466899872e-02
-1.483345963060855865e-02
-7.550874724984169006e-03
6.509810686111450195e-03
1.910233870148658752e-02
2.349936589598655701e-02
2.224118076264858246e-02
2.171592973172664642e-02
2.128272131085395813e-02
1.833443157374858856e-02
1.595098525285720825e-02
1.493454165756702423e-02
9.053404442965984344e-03
-5.099307745695114136e-03
-2.026228792965412140e-02
-2.768404409289360046e-02
-2.526132762432098389e-02
-1.543018687516450882e-02
-3.901403164491057396e-03
1.522847102023661137e-03
-3.344356315210461617e-03
-1.125412993133068085e-02
-1.200086064636707306e-02
-5.349536426365375519e-03
1.011346699669957161e-03
-2.078234450891613960e-03
-1.174809131771326065e-02
-1.703817024827003479e-02
-1.789256371557712555e-02
-1.741739362478256226e-02
-1.234723534435033798e-02
-2.013429300859570503e-03
8.609662763774394989e-03
1.589204743504524231e-02
1.822763867676258087e-02
1.400785520672798157e-02
6.218769121915102005e-03
2.795654814690351486e-03
8.781840093433856964e-03
1.997902430593967438e-02
2.761319838464260101e-02
2.901800908148288727e-02
3.020660579204559326e-02
3.328102827072143555e-02
3.204845637083053589e-02
2.688049711287021637e-02
2.332501672208309174e-02
1.969181746244430542e-02
9.704276919364929199e-03
-4.791140556335449219e-03
-1.282789930701255798e-02
-1.345255132764577866e-02
-1.628514006733894348e-02
-2.365829981863498688e-02
-3.082085587084293365e-02
-3.286726772785186768e-02
-2.743967436254024506e-02
-1.616992615163326263e-02
-2.924906555563211441e-03
7.196635007858276367e-03
1.225152239203453064e-02
1.476501859724521637e-02
1.620311103761196136e-02
1.793242059648036957e-02
1.983288675546646118e-02
1.793653331696987152e-02
1.145607605576515198e-02
5.423424299806356430e-03
5.987776909023523331e-03
1.421940233558416367e-02
2.263469807803630829e-02
2.048918604850769043e-02
6.863728165626525879e-03
-6.346573587507009506e-03
-9.658959694206714630e-03
-5.631220061331987381e-03
-3.072207095101475716e-03
-4.885534755885601044e-03
-4.992123693227767944e-03
6.288692820817232132e-04
9.564648382365703583e-03
1.864808797836303711e-02
2.661494724452495575e-02
3.129921108484268188e-02
2.975659631192684174e-02
2.233729884028434753e-02
1.342104282230138779e-02
9.452384896576404572e-03
1.297980174422264099e-02
1.813086308538913727e-02
1.708956062793731689e-02
9.845144115388393402e-03
4.594135098159313202e-03
7.428198121488094330e-03
1.334606111049652100e-02
1.322348415851593018e-02
4.819934722036123276e-03
-7.719736546277999878e-03
-1.862349919974803925e-02
-2.316007390618324280e-02
-1.925008185207843781e-02
-1.076449174433946609e-02
-5.336583126336336136e-03
-6.491903681308031082e-03
-9.903338737785816193e-03
-1.021753251552581787e-02
-7.385489996522665024e-03
-6.893849349580705166e-04
6.851734593510627747e-03
8.237947709858417511e-03
6.924178451299667358e-03
8.021323941648006439e-03
9.175020270049571991e-03
1.026139408349990845e-02
1.194466929882764816e-02
1.522695645689964294e-02
2.195102162659168243e-02
2.561010606586933136e-02
2.194945886731147766e-02
1.724910363554954529e-02
1.497364044189453125e-02
1.250217296183109283e-02
6.447278428822755814e-03
-2.688595792278647423e-03
-1.163726020604372025e-02
-1.845947653055191040e-02
-1.990995928645133972e-02
-1.353725045919418335e-02
-1.252307672984898090e-03
1.449253968894481659e-02
2.829588390886783600e-02
3.141218796372413635e-02
2.364560030400753021e-02
1.385013666003942490e-02
1.130120363086462021e-02
1.774800941348075867e-02
2.395484223961830139e-02
1.999452151358127594e-02
4.562327172607183456e-03
-1.280508469790220261e-02
-2.078395895659923553e-02
-1.940593309700489044e-02
-1.675024442374706268e-02
-1.928216964006423950e-02
-2.653911709785461426e-02
-3.059216775000095367e-02
-2.585044875741004944e-02
-1.554258912801742554e-02
-5.042905453592538834e-03
1.725416863337159157e-03
3.094680374488234520e-03
1.493288436904549599e-03
2.265443559736013412e-03
8.029808290302753448e-03
1.350742299109697342e-02
1.413357723504304886e-02
1.304122619330883026e-02
1.579819433391094208e-02
2.284252084791660309e-02
2.838598005473613739e-02
2.786269038915634155e-02
1.900408044457435608e-02
2.876980230212211609e-03
-1.355583965778350830e-02
-2.348160743713378906e-02
-2.616341039538383484e-02
-2.337452024221420288e-02
-1.273068413138389587e-02
4.921399056911468506e-03
2.170692011713981628e-02
3.053925372660160065e-02
2.816714346408843994e-02
1.963725872337818146e-02
1.325771491974592209e-02
8.607960306107997894e-03
5.989747005514800549e-04
-8.363517001271247864e-03
-1.202507503330707550e-02
-1.454562786966562271e-02
-1.899117790162563324e-02
-1.567178219556808472e-02
-3.293347312137484550e-03
5.260009784251451492e-03
3.512916620820760727e-03
-4.098869394510984421e-03
-1.135825272649526596e-02
-1.415386516600847244e-02
-1.213871873915195465e-02
-7.565599866211414337e-03
-5.174059886485338211e-03
-8.590593934059143066e-03
-1.078222226351499557e-02
-3.087679389864206314e-03
8.937291800975799561e-03
1.553306635469198227e-02
1.665413938462734222e-02
1.457463297992944717e-02
7.961284369230270386e-03
-1.252237590961158276e-03
-7.085901219397783279e-03
-8.640969172120094299e-03
-1.105607300996780396e-02
-1.390632055699825287e-02
-1.191708724945783615e-02
-4.642466548830270767e-03
1.125014736317098141e-03
-1.748337782919406891e-02
-1.019886359572410583e-01
-2.220850288867950439e-01
-1.686672568321228027e-01
1.460019797086715698e-01
3.841642439365386963e-01
2.957532703876495361e-01
4.199745133519172668e-02
-2.026008814573287964e-01
-2.921004891395568848e-01
-1.338383108377456665e-01
1.026929765939712524e-01
2.193617671728134155e-01
1.591192781925201416e-01
-1.329025533050298691e-02
-1.255041658878326416e-01
-8.770066499710083008e-02
4.374686628580093384e-02
1.295776218175888062e-01
5.746584385633468628e-02
-9.859298914670944214e-02
-2.163102477788925171e-01
-2.061059325933456421e-01
8.162832236848771572e-04
2.044763863086700439e-01
1.661339551210403442e-01
2.706165984272956848e-02
-3.475600853562355042e-02
-7.601797580718994141e-02
-8.765389025211334229e-02
1.450181845575571060e-02
1.202366799116134644e-01
8.120264112949371338e-02
-1.559810992330312729e-02
-2.800819464027881622e-02
-2.597607672214508057e-03
-3.317192941904067993e-02
-8.734305202960968018e-02
-8.512842655181884766e-02
-1.714360341429710388e-02
3.850524500012397766e-02
2.470432035624980927e-02
-3.278107196092605591e-02
-9.018757939338684082e-02
-9.148679673671722412e-02
5.466144997626543045e-03
1.346127986907958984e-01
1.612761616706848145e-01
5.003284290432929993e-02
-8.760330080986022949e-02
-1.286640465259552002e-01
-5.370276048779487610e-02
3.361091017723083496e-02
9.229931980371475220e-03
-6.052982807159423828e-02
-1.182591263204813004e-02
8.386523276567459106e-02
6.119534000754356384e-02
-2.706989459693431854e-02
-7.415633648633956909e-02
-7.854317873716354370e-02
-2.660788781940937042e-02
8.263727277517318726e-02
1.496124565601348877e-01
9.808553755283355713e-02
-1.964041963219642639e-02
-1.053253933787345886e-01
-1.088143959641456604e-01
-4.002692177891731262e-02
4.140381515026092529e-02
6.078395619988441467e-02
1.592548377811908722e-02
-3.425301611423492432e-02
-4.839925095438957214e-02
-1.076424121856689453e-02
2.982104942202568054e-02
-2.923351014032959938e-03
-9.121659398078918457e-02
-1.265782862901687622e-01
-4.816524311900138855e-02
5.451057851314544678e-02
8.773257583379745483e-02
6.041936203837394714e-02
-5.416420288383960724e-03
-5.435509979724884033e-02
-3.713194653391838074e-02
-4.029793664813041687e-03
-1.004632911644876003e-03
-1.823530532419681549e-02
-3.479798138141632080e-02
-2.794597297906875610e-02
-1.980739412829279900e-03
4.735114052891731262e-03
-1.907653920352458954e-02
-7.768787909299135208e-03
6.100464984774589539e-02
1.068960726261138916e-01
7.840494811534881592e-02
-1.242931094020605087e-02
-9.445520490407943726e-02
-7.988331466913223267e-02
1.438101846724748611e-02
6.725014746189117432e-02
2.470446936786174774e-02
-3.985251113772392273e-02
-7.096904516220092773e-02
-4.044860973954200745e-02
4.419270902872085571e-02
8.018052577972412109e-02
3.159023448824882507e-02
-2.065248601138591766e-02
-4.857510700821876526e-02
-7.830744236707687378e-02
-9.059546142816543579e-02
-6.630255281925201416e-02
-2.408570982515811920e-02
2.273735776543617249e-02
4.541189968585968018e-02
6.138600409030914307e-03
-4.831733927130699158e-02
-2.760858833789825439e-02
4.726062715053558350e-02
7.588911056518554688e-02
3.273514658212661743e-02
-2.327299863100051880e-02
-3.034166805446147919e-02
1.836954988539218903e-02
6.907694786787033081e-02
6.836814433336257935e-02
3.560505062341690063e-02
3.837641328573226929e-02
7.101902365684509277e-02
6.622630357742309570e-02
-5.172199569642543793e-03
-9.846167266368865967e-02
-1.185074523091316223e-01
-6.859651207923889160e-02
-3.937793150544166565e-02
-4.826446622610092163e-02
-8.043249696493148804e-02
-1.085151955485343933e-01
-7.532371580600738525e-02
3.509905189275741577e-03
5.139105394482612610e-02
3.079388663172721863e-02
-1.812392286956310272e-02
-1.489695627242326736e-02
3.590394556522369385e-02
6.476727128028869629e-02
7.943227887153625488e-02
1.102157235145568848e-01
1.245511844754219055e-01
8.764231204986572266e-02
1.272890949621796608e-03
-8.505103737115859985e-02
-1.036527603864669800e-01
-6.862936913967132568e-02
-3.455917164683341980e-02
-5.405671428889036179e-03
1.100452244281768799e-02
1.019814703613519669e-02
1.888966374099254608e-02
2.546369470655918121e-02
3.460807492956519127e-03
-1.450196653604507446e-02
1.256379671394824982e-02
2.746386267244815826e-02
-2.681287005543708801e-02
-6.468727439641952515e-02
-4.984502121806144714e-02
-6.395259499549865723e-02
-8.788648992776870728e-02
-5.532510951161384583e-02
1.320833899080753326e-02
6.631048768758773804e-02
7.650788873434066772e-02
4.922902956604957581e-02
5.522490013390779495e-03
-1.808704994618892670e-02
1.083862269297242165e-03
4.149723052978515625e-02
6.266684085130691528e-02
4.996090754866600037e-02
3.505947440862655640e-02
1.240351516753435135e-02
-3.315401822328567505e-02
-4.760343953967094421e-02
-3.026558831334114075e-02
-3.579644858837127686e-02
-3.668117895722389221e-02
-6.944521330296993256e-03
-1.824891939759254456e-02
-8.995953202247619629e-02
-1.210970059037208557e-01
-2.711892873048782349e-02
1.298026740550994873e-01
1.601528674364089966e-01
1.670769229531288147e-02
-1.102607920765876770e-01
-9.927762299776077271e-02
-2.319872938096523285e-02
2.296247333288192749e-02
9.801306761801242828e-03
-3.388588503003120422e-02
-5.320970341563224792e-02
-3.380893915891647339e-02
2.404089318588376045e-03
3.751664608716964722e-02
6.179789453744888306e-02
5.295285210013389587e-02
-9.718075394630432129e-03
-5.288431793451309204e-02
3.872734261676669121e-03
9.371817111968994141e-02
1.123771965503692627e-01
5.654195323586463928e-02
-9.019351564347743988e-03
-5.036164075136184692e-02
-5.232134833931922913e-02
2.571061719208955765e-03
4.650803282856941223e-02
-8.429601788520812988e-03
-1.079026684165000916e-01
-1.067367866635322571e-01
1.474008429795503616e-02
1.317407339811325073e-01
1.518703699111938477e-01
6.814447790384292603e-02
-5.425440520048141479e-02
-1.287722736597061157e-01
-1.112484261393547058e-01
-1.136505790054798126e-02
7.549012452363967896e-02
6.815110892057418823e-02
-3.399618435651063919e-03
-7.541707903146743774e-02
-8.385413885116577148e-02
5.401648581027984619e-03
1.223642230033874512e-01
1.508813351392745972e-01
6.904149055480957031e-02
-4.261483252048492432e-02
-9.683021903038024902e-02
-5.283754691481590271e-02
6.270038336515426636e-02
1.567411124706268311e-01
1.285299658775329590e-01
-1.084341388195753098e-02
-1.308220475912094116e-01
-1.548135578632354736e-01
-1.099827513098716736e-01
-4.406970739364624023e-02
-1.151074934750795364e-02
-2.764774300158023834e-02
-3.721586987376213074e-02
-1.225526724010705948e-02
1.939511857926845551e-02
3.924389183521270752e-02
3.487039357423782349e-02
1.854548975825309753e-02
2.341973409056663513e-02
3.621320426464080811e-02
1.680439151823520660e-02
-3.593769669532775879e-02
-5.404057353734970093e-02
2.984998049214482307e-03
8.473778516054153442e-02
1.061764135956764221e-01
1.289732567965984344e-02
-9.868209064006805420e-02
-9.310467541217803955e-02
-8.930299431085586548e-03
5.226463451981544495e-02
7.352118194103240967e-02
6.653896719217300415e-02
1.998930238187313080e-02
-2.130385674536228180e-02
1.090649701654911041e-02
4.782502725720405579e-02
4.236611071974039078e-03
-2.656618691980838776e-02
1.343365851789712906e-02
1.157910004258155823e-02
-4.467110708355903625e-02
-4.226830601692199707e-02
9.506617672741413116e-03
4.061519354581832886e-02
5.442861095070838928e-02
4.244580119848251343e-02
8.683574385941028595e-03
-6.072969641536474228e-03
-1.056446880102157593e-02
-1.859136298298835754e-02
-3.723056055605411530e-03
4.509140178561210632e-02
7.867264002561569214e-02
5.771598219871520996e-02
1.715410687029361725e-02
-1.503625605255365372e-02
-3.648670017719268799e-02
-2.293927222490310669e-02
3.205890953540802002e-02
7.525715976953506470e-02
3.129443526268005371e-02
-7.842995226383209229e-02
-1.152731850743293762e-01
-3.555461764335632324e-02
4.207264631986618042e-02
6.171192973852157593e-02
6.415421515703201294e-02
1.535876095294952393e-02
-1.086999252438545227e-01
-1.608345806598663330e-01
-2.581776678562164307e-02
1.748504638671875000e-01
2.485072612762451172e-01
1.555322557687759399e-01
1.926171034574508667e-02
-1.005689203739166260e-01
-2.377169281244277954e-01
-2.783389389514923096e-01
-9.549400210380554199e-02
1.773092299699783325e-01
2.809786796569824219e-01
1.375449746847152710e-01
-8.569528907537460327e-02
-1.844608634710311890e-01
-1.430714279413223267e-01
-1.104524359107017517e-01
-1.179117485880851746e-01
-7.210400700569152832e-02
7.250399887561798096e-02
2.924799621105194092e-01
4.363896548748016357e-01
4.077169895172119141e-01
2.818880677223205566e-01
7.269185781478881836e-02
-2.032835185527801514e-01
-3.982717096805572510e-01
-4.520927071571350098e-01
-4.762756824493408203e-01
-5.335379242897033691e-01
-4.483213126659393311e-01
-9.243001230061054230e-03
6.152820587158203125e-01
1.000000000000000000e+00
8.724387884140014648e-01
3.200007379055023193e-01
-2.071145921945571899e-01
-3.141500353813171387e-01
-4.013125970959663391e-02
2.157099694013595581e-01
8.051430433988571167e-02
-3.312973678112030029e-01
-4.627016782760620117e-01
-1.212007030844688416e-01
1.729282885789871216e-01
5.721513554453849792e-02
-2.459799051284790039e-01
-4.341858327388763428e-01
-3.461819291114807129e-01
4.664617031812667847e-02
4.502874612808227539e-01
4.935213327407836914e-01
2.168148905038833618e-01
-1.549009382724761963e-01
-3.889475166797637939e-01
-2.798317968845367432e-01
7.331337034702301025e-02
3.803583383560180664e-01
3.724562823772430420e-01
6.620303541421890259e-02
-1.969041824340820312e-01
-2.631906867027282715e-01
-1.970059722661972046e-01
1.920526847243309021e-02
2.755084931850433350e-01
2.618496119976043701e-01
-6.766039878129959106e-02
-3.287262618541717529e-01
-1.969140172004699707e-01
1.499552726745605469e-01
3.504632413387298584e-01
3.168790638446807861e-01
1.027057990431785583e-01
-6.204357743263244629e-02
5.659452080726623535e-02
1.758632659912109375e-01
-2.500138618052005768e-02
-2.877563536167144775e-01
-2.228278517723083496e-01
5.676166713237762451e-02
1.685523986816406250e-01
-2.800180390477180481e-02
-3.884249031543731689e-01
-5.555976629257202148e-01
-3.116718232631683350e-01
1.062662154436111450e-01
3.141357898712158203e-01
1.641667783260345459e-01
-1.291286945343017578e-01
-1.820217669010162354e-01
3.086097165942192078e-02
2.148912250995635986e-01
2.771105766296386719e-01
2.256586551666259766e-01
3.389223664999008179e-02
-2.009617537260055542e-01
-2.674981355667114258e-01
4.880947247147560120e-02
5.840932130813598633e-01
7.375382184982299805e-01
2.226095646619796753e-01
-4.695768356323242188e-01
-7.023732662200927734e-01
-4.586983919143676758e-01
-1.262013465166091919e-01
9.824059158563613892e-02
2.516905367374420166e-01
2.665434479713439941e-01
4.352393001317977905e-02
-2.228150516748428345e-01
-3.138146400451660156e-01
-2.518546283245086670e-01
-8.497672528028488159e-02
1.955738067626953125e-01
4.635523855686187744e-01
4.334811866283416748e-01
6.815762817859649658e-02
-2.658788859844207764e-01
-2.542417347431182861e-01
4.663421772420406342e-03
1.940545886754989624e-01
1.068375557661056519e-01
-1.436598300933837891e-01
-1.682114154100418091e-01
6.451281905174255371e-02
2.156579792499542236e-01
2.202911376953125000e-01
1.516448110342025757e-01
-1.962192915380001068e-02
-2.767858505249023438e-01
-4.112805128097534180e-01
-1.827894449234008789e-01
2.294203639030456543e-01
3.462656736373901367e-01
3.092761337757110596e-02
-2.738991081714630127e-01
-1.944289654493331909e-01
4.666358232498168945e-02
1.438866555690765381e-01
6.610365211963653564e-02
-7.715711742639541626e-02
-1.381768286228179932e-01
-1.087892651557922363e-01
-6.199102848768234253e-02
-3.405575081706047058e-02
-3.315141424536705017e-02
1.255660504102706909e-02
1.372013688087463379e-01
1.902155727148056030e-01
6.228263303637504578e-02
-9.009771049022674561e-02
-1.108128055930137634e-01
-1.169885136187076569e-02
1.499568372964859009e-01
2.192501574754714966e-01
5.611878260970115662e-02
-1.561278253793716431e-01
-6.748005002737045288e-02
2.281354665756225586e-01
2.243780791759490967e-01
-1.379711925983428955e-01
-3.588562011718750000e-01
-1.540179550647735596e-01
2.295721918344497681e-01
3.624747395515441895e-01
1.196102946996688843e-01
-2.535178363323211670e-01
-4.604853689670562744e-01
-3.353887498378753662e-01
1.365803531371057034e-03
2.157411128282546997e-01
1.640083789825439453e-01
-7.046303898096084595e-02
-2.670144438743591309e-01
-1.438951492309570312e-01
2.523218691349029541e-01
5.395529270172119141e-01
4.388257265090942383e-01
2.280555292963981628e-02
-3.622361719608306885e-01
-4.361821413040161133e-01
-1.984508186578750610e-01
9.242713451385498047e-02
1.515768766403198242e-01
-2.326510660350322723e-02
-2.463903725147247314e-01
-3.288793265819549561e-01
-1.565530896186828613e-01
1.369353681802749634e-01
2.920334935188293457e-01
2.256961613893508911e-01
5.423247814178466797e-02
-6.516051292419433594e-02
-8.802218735218048096e-02
-8.789004385471343994e-02
-8.935522288084030151e-02
1.856375671923160553e-02
2.402914464473724365e-01
3.195632994174957275e-01
1.391979008913040161e-01
-3.633100539445877075e-02
-1.584686711430549622e-02
2.126122824847698212e-02
-4.580150917172431946e-02
-9.186245501041412354e-02
-9.125123172998428345e-02
-1.004357114434242249e-01
-1.524359136819839478e-01
-2.689069211483001709e-01
-3.015691041946411133e-01
-1.357749551534652710e-01
4.897823184728622437e-02
1.198633909225463867e-01
1.722919344902038574e-01
1.812643110752105713e-01
2.295269258320331573e-02
-1.696104258298873901e-01
-1.700863987207412720e-01
-2.225612523034214973e-03
1.591082364320755005e-01
1.899721026420593262e-01
3.816358745098114014e-02
-1.863425821065902710e-01
-2.008060514926910400e-01
7.277268171310424805e-02
3.451581001281738281e-01
3.425000905990600586e-01
7.902973145246505737e-02
-2.095561027526855469e-01
-2.642580568790435791e-01
-7.134038209915161133e-02
1.257892996072769165e-01
1.637189686298370361e-01
6.300394237041473389e-02
-9.677867591381072998e-02
-2.071253657341003418e-01
-2.008990049362182617e-01
-8.852808922529220581e-02
4.576485976576805115e-02
8.764433860778808594e-02
4.660898074507713318e-02
1.563774049282073975e-02
1.451091375201940536e-02
3.579656034708023071e-02
7.641943544149398804e-02
8.794675767421722412e-02
1.247216574847698212e-02
-1.151033341884613037e-01
-1.508109122514724731e-01
-6.763006001710891724e-02
-1.558898482471704483e-02
-4.330812394618988037e-02
-4.781109839677810669e-02
1.234760414808988571e-02
1.018948554992675781e-01
1.938215941190719604e-01
2.100554257631301880e-01
1.268447786569595337e-01
4.844684898853302002e-02
-8.275138097815215588e-04
-5.593214929103851318e-02
-8.767452090978622437e-02
-7.989767938852310181e-02
-9.859769791364669800e-02
-2.070225328207015991e-01
-2.845954895019531250e-01
-1.657823324203491211e-01
5.342280864715576172e-02
1.699029356241226196e-01
1.499829143285751343e-01
6.123998761177062988e-02
-2.154937200248241425e-02
-2.910265326499938965e-02
3.636607527732849121e-02
1.100532636046409607e-01
1.263117343187332153e-01
6.835709512233734131e-02
-2.344766817986965179e-02
-1.228197589516639709e-01
-1.896559149026870728e-01
-1.455165296792984009e-01
-6.316229701042175293e-03
1.048046499490737915e-01
9.860911965370178223e-02
1.690669171512126923e-02
-4.215606302022933960e-02
-4.175381734967231750e-02
3.067120909690856934e-03
3.851796686649322510e-02
3.266453742980957031e-03
-8.603303134441375732e-02
-1.329767704010009766e-01
-8.024179935455322266e-02
1.985914260149002075e-02
1.101302132010459900e-01
1.620930582284927368e-01
1.221439465880393982e-01
-4.981244727969169617e-02
-3.304989635944366455e-01
-5.358980894088745117e-01
-3.905441164970397949e-01
9.006427228450775146e-02
5.192127227783203125e-01
5.876320600509643555e-01
3.517985641956329346e-01
1.583400368690490723e-02
-2.613219320774078369e-01
-2.700150907039642334e-01
6.367198377847671509e-02
3.846387565135955811e-01
3.513875007629394531e-01
9.050684422254562378e-02
-1.306352764368057251e-01
-1.947603821754455566e-01
-1.190285459160804749e-01
-3.704936057329177856e-02
-5.400434136390686035e-02
-1.318971365690231323e-01
-1.735883951187133789e-01
-1.433148831129074097e-01
-7.487245649099349976e-02
5.598209798336029053e-03
1.403794884681701660e-01
3.223348259925842285e-01
3.202790617942810059e-01
-5.659075826406478882e-02
-5.493029952049255371e-01
-6.478312015533447266e-01
-1.812076866626739502e-01
5.158186554908752441e-01
9.540340304374694824e-01
7.754410505294799805e-01
2.307979017496109009e-02
-7.071664929389953613e-01
-8.471158742904663086e-01
-4.440648555755615234e-01
7.207581400871276855e-02
3.511660099029541016e-01
2.974982857704162598e-01
2.529417723417282104e-02
-2.019058763980865479e-01
-1.200103089213371277e-01
1.764427721500396729e-01
3.088687360286712646e-01
1.447886526584625244e-01
-1.417153924703598022e-01
-3.620139360427856445e-01
-3.710356950759887695e-01
-8.103659749031066895e-02
3.472554087638854980e-01
5.352983474731445312e-01
3.189853727817535400e-01
-4.753849282860755920e-02
-2.264829725027084351e-01
-1.571021825075149536e-01
-2.224615216255187988e-02
-3.241807222366333008e-03
-1.031064093112945557e-01
-1.511933803558349609e-01
-5.631916970014572144e-02
4.012669622898101807e-02
1.335414871573448181e-02
-1.713427901268005371e-02
7.728520780801773071e-02
1.801301389932632446e-01
1.708054989576339722e-01
1.066451221704483032e-01
6.236909329891204834e-02
5.358972772955894470e-02
5.691278725862503052e-02
7.287750393152236938e-02
1.275561451911926270e-01
1.594277322292327881e-01
9.625130891799926758e-02
-5.473196506500244141e-05
-4.247658699750900269e-02
-6.120242923498153687e-02
-1.415580958127975464e-01
-2.509168088436126709e-01
-2.490518987178802490e-01
-1.330751776695251465e-01
-1.657804101705551147e-02
8.569566160440444946e-02
1.905082166194915771e-01
2.203164994716644287e-01
9.930448234081268311e-02
-7.409691810607910156e-02
-1.348051279783248901e-01
-9.970302134752273560e-02
-4.393860697746276855e-02
5.706802010536193848e-03
-5.667476356029510498e-02
-2.223219424486160278e-01
-2.533652186393737793e-01
-5.390088260173797607e-02
1.746999919414520264e-01
2.317513972520828247e-01
1.185230165719985962e-01
-7.450684905052185059e-02
-2.082087844610214233e-01
-1.004601716995239258e-01
1.913371682167053223e-01
3.396143615245819092e-01
1.876274645328521729e-01
-4.693951830267906189e-02
-1.050490289926528931e-01
-6.132200360298156738e-04
1.062650680541992188e-01
1.003661826252937317e-01
-4.320823401212692261e-02
-1.986264884471893311e-01
-1.845194846391677856e-01
1.223710924386978149e-02
2.083079814910888672e-01
2.244740128517150879e-01
8.008985966444015503e-02
-6.606210768222808838e-02
-1.471083760261535645e-01
-1.910033375024795532e-01
-1.305441707372665405e-01
6.120984628796577454e-02
1.941416561603546143e-01
1.289615035057067871e-01
-4.596871882677078247e-02
-1.364388465881347656e-01
-2.670700661838054657e-02
1.706670373678207397e-01
2.417565137147903442e-01
1.138558387756347656e-01
-9.213233739137649536e-02
-2.282668054103851318e-01
-2.218668311834335327e-01
-2.881178259849548340e-02
2.476668208837509155e-01
3.776238858699798584e-01
2.819549441337585449e-01
5.665502324700355530e-02
-1.653828471899032593e-01
-2.675501108169555664e-01
-2.388970553874969482e-01
-1.674771457910537720e-01
-5.760028213262557983e-02
1.267120540142059326e-01
2.425096929073333740e-01
1.316949427127838135e-01
-7.128776609897613525e-02
-1.376298666000366211e-01
-4.756119102239608765e-02
1.124811768531799316e-01
2.405095100402832031e-01
2.172292023897171021e-01
3.722970932722091675e-02
-1.241957098245620728e-01
-8.519710600376129150e-02
7.494945824146270752e-02
1.188031733036041260e-01
1.859294064342975616e-02
-8.875644952058792114e-02
-1.673185229301452637e-01
-1.943310797214508057e-01
-7.219164073467254639e-02
1.365180015563964844e-01
1.911095827817916870e-01
3.141104802489280701e-02
-1.110844090580940247e-01
-3.420732170343399048e-02
1.869661957025527954e-01
3.022310137748718262e-01
1.518428623676300049e-01
-1.404492259025573730e-01
-2.622028589248657227e-01
-1.192326620221138000e-01
4.408542811870574951e-02
4.598910361528396606e-02
-8.275499194860458374e-02
-2.654758095741271973e-01
-3.386918902397155762e-01
-1.273310929536819458e-01
2.241041064262390137e-01
3.645941019058227539e-01
2.381735295057296753e-01
6.249637529253959656e-02
-2.151870727539062500e-02
3.221418708562850952e-02
2.092244625091552734e-01
3.422602713108062744e-01
2.132783979177474976e-01
-1.037863343954086304e-01
-2.147775739431381226e-01
5.255692079663276672e-02
3.569039404392242432e-01
3.233994245529174805e-01
2.526037395000457764e-03
-3.468702137470245361e-01
-5.626174807548522949e-01
-5.110636353492736816e-01
-1.365746110677719116e-01
2.812531292438507080e-01
3.494907617568969727e-01
1.161256730556488037e-01
-6.085110083222389221e-02
-5.441906303167343140e-02
1.879156753420829773e-02
3.630061447620391846e-02
-2.175387740135192871e-02
-4.783833771944046021e-02
4.965333268046379089e-02
2.036298066377639771e-01
2.383163273334503174e-01
5.994534119963645935e-02
-1.710393130779266357e-01
-2.165144532918930054e-01
-1.156138554215431213e-01
-7.231792807579040527e-02
-9.737121313810348511e-02
-5.280634388327598572e-02
1.284674853086471558e-01
3.888185918331146240e-01
5.351737141609191895e-01
3.806765079498291016e-01
-4.095642361789941788e-03
-3.425534963607788086e-01
-4.427216053009033203e-01
-3.092151284217834473e-01
-4.169703647494316101e-02
1.866973638534545898e-01
1.793026924133300781e-01
-3.844732418656349182e-02
-2.050078809261322021e-01
-1.294891536235809326e-01
1.256787329912185669e-01
3.343361020088195801e-01
3.246420323848724365e-01
1.371318101882934570e-01
-5.996419861912727356e-02
-1.949076652526855469e-01
-2.534662783145904541e-01
-1.725424081087112427e-01
-4.225845634937286377e-02
-7.122232019901275635e-02
-2.256986200809478760e-01
-2.697453796863555908e-01
-1.155576109886169434e-01
7.692383229732513428e-02
1.412395238876342773e-01
1.106166914105415344e-01
8.307064324617385864e-02
7.147102057933807373e-02
8.023495972156524658e-02
1.165780648589134216e-01
1.176374107599258423e-01
6.891483813524246216e-02
4.761681705713272095e-02
3.497004136443138123e-02
-1.255248859524726868e-02
-2.968348935246467590e-02
-2.254899591207504272e-02
-6.769784539937973022e-02
-1.283222287893295288e-01
-1.263330727815628052e-01
-4.029126465320587158e-02
8.943692594766616821e-02
1.379475742578506470e-01
4.882282391190528870e-02
-4.530229791998863220e-02
-2.399111911654472351e-02
1.015424877405166626e-01
2.613198161125183105e-01
3.233235478401184082e-01
2.067153155803680420e-01
3.245885297656059265e-02
-4.088538885116577148e-02
-1.154054701328277588e-02
1.628662645816802979e-02
-6.052701547741889954e-02
-2.556334137916564941e-01
-4.124620854854583740e-01
-3.119028508663177490e-01
8.153297007083892822e-03
1.864167451858520508e-01
1.865424215793609619e-02
-2.181281745433807373e-01
-2.303039133548736572e-01
-1.005369201302528381e-01
2.955924160778522491e-02
1.239514574408531189e-01
1.116436421871185303e-01
4.940134286880493164e-02
1.542302817106246948e-01
4.336988329887390137e-01
5.868823528289794922e-01
3.927762806415557861e-01
1.290836930274963379e-02
-2.605424225330352783e-01
-3.519420623779296875e-01
-3.136236071586608887e-01
-2.510983049869537354e-01
-3.194535374641418457e-01
-4.248576760292053223e-01
-2.525360882282257080e-01
1.620014458894729614e-01
4.012545049190521240e-01
2.858912944793701172e-01
-6.988491863012313843e-03
-3.147126734256744385e-01
-5.100449919700622559e-01
-3.906517922878265381e-01
7.006501406431198120e-02
5.381978750228881836e-01
6.039526462554931641e-01
2.063170522451400757e-01
-2.747353017330169678e-01
-4.070982635021209717e-01
-1.490644961595535278e-01
1.879209876060485840e-01
3.240429162979125977e-01
2.054736465215682983e-01
-5.778947845101356506e-03
6.331130862236022949e-05
3.125496506690979004e-01
6.001572608947753906e-01
5.554338097572326660e-01
1.843872815370559692e-01
-4.044272899627685547e-01
-9.328144192695617676e-01
-9.601730704307556152e-01
-5.445690751075744629e-01
-2.371673882007598877e-01
-2.107245922088623047e-01
-1.592726260423660278e-01
6.088509410619735718e-02
3.223814368247985840e-01
5.476813912391662598e-01
6.517169475555419922e-01
4.917505085468292236e-01
1.027036011219024658e-01
-2.822195887565612793e-01
-4.772982895374298096e-01
-4.971479773521423340e-01
-3.504065275192260742e-01
-3.751385211944580078e-02
1.755387485027313232e-01
6.868888437747955322e-02
-1.771530658006668091e-01
-3.111737072467803955e-01
-3.058795928955078125e-01
-1.938109844923019409e-01
4.725283384323120117e-02
3.650910556316375732e-01
5.795418024063110352e-01
5.586577653884887695e-01
3.753815293312072754e-01
1.425386965274810791e-01
-1.226821839809417725e-01
-3.263626694679260254e-01
-3.549053072929382324e-01
-2.888137400150299072e-01
-2.046377360820770264e-01
4.947362840175628662e-02
5.500042438507080078e-01
9.205892682075500488e-01
7.387338876724243164e-01
1.722879707813262939e-01
-3.248937427997589111e-01
-5.161415338516235352e-01
-3.866181671619415283e-01
-1.836850941181182861e-01
-2.503779828548431396e-01
-5.801085829734802246e-01
-8.083662390708923340e-01
-7.086019515991210938e-01
-4.081389605998992920e-01
-8.276052772998809814e-02
1.983875632286071777e-01
3.712075650691986084e-01
3.733934760093688965e-01
2.667618989944458008e-01
2.102584838867187500e-01
2.286549210548400879e-01
1.685781627893447876e-01
-6.758645176887512207e-02
-2.991360127925872803e-01
-3.072490692138671875e-01
-2.157772779464721680e-01
-2.090348005294799805e-01
-2.203493714332580566e-01
